P3
10 10
255
0 0 0 0 0 0 0 0 0 0 0 0 0 0 0 0 0 0 0 0 0 0 0 0 0 0 0 0 0 0
0 0 0 0 0 0 0 0 0 0 0 0 0 0 0 0 0 166 0 0 183 0 0 136 0 0 0 0 0 0
0 0 0 0 0 0 0 0 0 0 0 0 0 0 0 0 0 233 0 0 233 0 0 186 0 0 83 0 0 0
0 86 0 0 166 0 0 146 0 0 83 0 0 0 0 0 0 233 0 0 233 0 0 183 0 0 78 0 0 0
0 211 0 0 228 0 0 203 0 0 146 0 0 48 0 0 0 0 0 0 178 0 0 126 0 0 0 0 0 0
0 233 0 0 246 0 0 218 0 0 163 0 0 71 0 0 0 0 0 0 0 0 0 0 0 0 0 0 0 0
0 211 0 0 228 0 0 203 0 0 146 0 0 48 0 0 0 0 178 0 0 126 0 0 0 0 0 0 0 0
0 86 0 0 166 0 0 146 0 0 83 0 0 0 0 233 0 0 233 0 0 183 0 0 78 0 0 0 0 0
0 0 0 0 0 0 0 0 0 0 0 0 0 0 0 233 0 0 233 0 0 186 0 0 83 0 0 0 0 0
0 0 0 0 0 0 0 0 0 0 0 0 0 0 0 166 0 0 183 0 0 136 0 0 0 0 0 0 0 0
